%\begin{table}[htbp]
%\centering
%\begin{tabular}{lccccccc}
%
%Subsets & \modname{IS-G} & \modname{Ferreira} & \modname{OSU} & \modname{ICSI} & \modname{Kibrik} & \modname{UDeL} & \modname{CNTS} \\ 
%\hline
%\method{original} & \ul{0.68} & \bf{0.601} & \ul{0.697} & \bf{0.69} & \bf{0.793} & \bf{0.624} & \bf{0.723} \\
%\method{top1}     & 0.56 & 0.492 & 0.556 & 0.556 & 0.56 & 0.492 & 0.556 \\
%\method{top2}     & 0.66 & 0.577 & 0.665 & 0.593 & 0.632 & 0.560 & 0.661 \\
%\method{top3}     & \bf{0.684} & \ul{0.593} & 0.694 & 0.661 & 0.712 & 0.585 & 0.670 \\
%\method{top50\%}  & 0.66 & \ul{0.593} & 0.665 & 0.659 & \ul{0.761} & 0.597 & 0.696 \\
%\method{sfs}      & \bf{0.684} & \bf{0.601} & \bf{0.701} & \ul{0.681} & \ul{0.761} & \ul{0.608} & \ul{0.701}
%\end{tabular}
%\caption{The accuracy of various subset models based on the RFI and SFS experiments. For each model, the best result is \textbf{boldfaced}, while the second best is \underline{underlined}.}\label{tab:subsetting}
%\end{table}

\begin{table}
	\begin{tabular}{lcccccc}
		\lsptoprule
		Feature sets & \texttt{original} & \texttt{top1} & \texttt{top2} & \texttt{top3} & \texttt{top50\%} & \texttt{sfs} \\ \midrule
		\modname{IS-G} & \textit{0.680} & 0.560 & 0.660 & \textbf{0.684} & 0.660 & \textbf{0.684} \\
		\modname{Ferreira} & \textbf{0.601} & 0.492 & 0.577 & \textit{0.593} & \textit{0.593} & \textbf{0.601} \\ 
		\modname{OSU} & \textit{0.697} & 0.556 & 0.665 & 0.694 & 0.665 & \textbf{0.701} \\ 
		\modname{ICSI} & \textbf{0.690} & 0.556 & 0.593 & 0.661 & 0.659 & \textit{0.681} \\
		\modname{Kibrik} & \textbf{0.793} & 0.560 & 0.632 & 0.712 & \textit{0.761} & \textit{0.761} \\
		\modname{UDeL} & \textbf{0.624} & 0.492 & 0.560 & 0.585 & 0.597 & \textit{0.608} \\ 
		\modname{CNTS} & \textbf{0.723} & 0.556 & 0.661 & 0.670 & 0.696 & \textit{0.701} \\  \lspbottomrule
	\end{tabular} \caption[The accuracy of various subsets based on RFI and SFS.]{The accuracy of various subset models based on the RFI (columns \val{top1}, \val{top2}, \val{top3}, and \val{top50\%}) and SFS (column \val{sfs}) experiments. For each model, the best result is \textbf{boldfaced}, the second best result is \textit{italicized}.}\label{tab:subsetting}
\end{table}


% \begin{table}[htbp]
% \centering
% \begin{tabular}{|l|l|l|l|l|l|l|l|l|}
% \hline
% Row name         & isg & osu & udel & cnts & icsi & ferreira & kibrik & union \\ \hline
% original &  0.68   & 0.697     & 0.624     & 0.723      & 0.69      &    0.601      & 0.793       &   -      \\ \hline
% top1  & 0.56      & 0.556     & 0.492     &  0.556     & 0.556      &  0.492        & 0.56        & -         \\ \hline
% top2  & 0.66     & 0.665    & 0.560     & 0.661      & 0.593      &  0.577        &  0.632       & -        \\ \hline
% top3  & 0.684     & 0.694    & 0.585     & 0.670      & 0.661     &  0.593        &  0.712       & -        \\ \hline
% top50\%  & 0.66    & 0.665     &0.597      & 0.696      & 0.659     & 0.593          & 0.761       &     -    \\ \hline
% sfs  & 0.684    & 0.701     & 0.608     &  0.701    & 0.681     & 0.601          & 0.761       & -         \\ \hline
% {[}5{]}  & -    & -     &  -    &  -    &  -    &   -       & -       &   0.659      \\ \hline
% {[}6{]}  & -     &  -   &  -    &    -  &   -   &   -       &   -     &  0.743       \\ \hline
% {[}8{]}  & -     & -     & -      & -      & -      &  -         & -        &  0.778        \\ \hline
% {[}9{]}  & -     & -     & -      & -      & -      &  -         & -        &  0.754       \\ \hline

% \end{tabular}
% \caption{The results (accuracy) of running the Random Forests algorithm on different subsets of the feature sets. The columns present the feature sets, except the last column which reports the results of the union of the features from different models. The rows are numbered according to the enumeration of the subset conditions presented above The row \texttt{original} shows the original results of the models.}\label{tab:subsetting}
% \end{table}
